24.066116428457534 100.95373555881848
20.693864873049947 -91.72418671617534
98.7146373955532 -19.42761592062972
103.58230343744016 -27.727208538128487
46.307872422502484 -69.74440912236321
97.78298075438009 -21.1360196834211
110.86822277062835 -25.556853296817362
81.46303348768116 -53.91346385535181
-39.45874983932411 93.2320994611389
-83.89663334368852 -1.4127880430574429
-17.48924092145189 90.88858362085656
-86.25564485215382 35.875146731007625
-100.29092801656354 5.066342745233206
-81.45492783818715 56.34520724904151
-91.6632888207193 17.711329996490374
100.2304980525962 15.988912916519908
-95.38484461395859 -30.07902827828195
95.32694008678412 -8.433218141119882
-72.98874807082431 34.105838669545946
-66.27557594746199 78.17171640939084
-99.72252408704789 -32.72325705843221
41.083075016001516 102.49977453801917
102.15128993835052 -4.6927500704821945
67.71564769047156 79.86001178725503
-6.659723972172611 -98.22274767002219
-110.27207271843629 -27.723949853807117
87.70503220863918 35.982210097469235
-107.91538206226959 25.408537187705818
-62.811846422155426 -70.73018177126843
-9.417549055043068 -110.99543003326065
-82.35501891295874 -66.84649072392524
105.5596688826632 5.413931044220427
1.9114332711640045 106.39445102137813
103.30024221373507 31.791482194834604
-2.435696817547327 105.61560394934553
-86.48129534068376 -1.0779428296091744
3.8715671214033733 85.7916016730474
93.94928309546023 34.13104437189187
-74.83558157324957 -69.32222383371028
2.2484592565223585 94.54630759628493
-60.8530461638039 79.39876996993608
-1.7169812135040494 91.18226593121022
14.756490114103368 -103.22887843164459
9.51381981257482 106.63838332514212
66.1214196726594 80.81139066259617
-96.01043142709833 -33.89271509737492
63.9268996890131 77.87515104855427
38.73634076393227 -94.38054629771666
87.66708104912458 -36.71262593963964
-49.16532002147382 88.92623065310984
-32.61897207617037 -97.40693064419445
-63.43795139985836 -82.55382224989926
-88.67170703730754 -47.914221189494285
-77.21323098012289 58.435815101100886
104.22487500404793 25.96747267999638
30.74547025395228 -88.55718707160449
30.472880787698617 84.15646230035749
-97.66940450073237 11.271436245968482
103.99702889464237 -19.173736210497243
68.00455183332697 53.70495720231595
-83.20690715051576 -62.05649724354946
-85.48936411833878 -53.489006384078486
-69.01730436098413 -68.56590128466007
64.81473896120707 82.48945738154218
92.07964232915627 1.321150990632669
29.873003194020416 -108.8362622088123
20.787518576205436 -100.65641289101698
106.60190471274922 -27.467211709652428
-9.411228097280448 -104.07132288237506
-82.7276597889829 -50.0757846580732
-43.82892664200215 100.15544026486165
76.72287038278324 -45.58766723279
12.86911594019962 91.39491465134087
-93.88800002818851 19.164267022328367
-78.17619942890384 32.00706653774793
89.4743859126807 -30.50793768498906
91.55789428572025 51.99032305042504
-58.968828376977136 -58.073834234381884
90.37107164453586 -54.64485306880717
60.09256146767946 81.89003514116389
52.844623750112085 83.25601783037813
-56.88059290228077 90.68323547965859
1.3140385680647275 -101.62773497807414
17.115664134327968 94.85594281685655
33.02217992265363 82.80991390429541
55.66484798532425 -78.24620870680282
46.1737614070919 87.35063698752415
101.71574471943205 -12.600084104786152
-79.46280941699601 -62.56996022508295
-65.07290946024303 60.14521672962184
-53.782521014659864 -88.8287697762196
43.92164894397515 -97.33339939788763
94.76474841028617 -66.5639588856495
102.37610357112263 7.126496399104069
-86.40979281053593 -67.47700351782177
84.43451139987015 27.916681364035025
-73.90659951051386 -76.11705362084139
-98.0594037099179 43.30946142074265
73.72645344965511 -63.457628429100865
91.46779465090817 51.987994731248705
86.74183412429097 47.42991370126743
52.35356834433936 -74.24598934615759
-104.53522767083648 -44.14469651174412
4.60903984490459 -103.13365182956419
24.163457254273897 -85.00274200356135
96.78084965345545 -14.974120657446218
-83.39800476189572 27.65232150306291
18.64793178325574 -94.78158283294462
-58.13643527130123 -87.40318114840248
37.77833263677607 -78.75637719082076
-88.18454989927174 38.585692082401515
-22.041361593128702 -102.87471531981546
95.00456779949393 17.467120225662228
-71.83503664547882 -67.4976237960026
33.31823369556627 94.0113971851112
64.14478376455415 76.42521624386184
-91.53357306810864 -12.292057386023725
-69.09864491461123 -74.82286813420716
84.03585471464126 73.61299680585942
72.60806317510036 -62.87148458896293
-120.55242675250757 -13.77734229362055
22.06911643695418 -106.49884650578548
21.677311506749657 109.8111264286537
-92.89281158453494 2.8979325555649083
-101.88534520801615 -3.053895753989103
97.8601864863196 -16.20831052857506
88.97462979378344 41.97835986670693
11.530621414582685 -100.87986030506706
65.55546889102558 62.97358946585959
-64.20257215584475 -70.34076779713433
105.99084657243559 -14.281939972198392
-95.79561145597911 23.84445057481792
-99.2432878845841 -34.169912596186975
94.52630414049827 54.742312505489075
97.5564518487779 -2.089963882777669
-98.40820920847504 18.698147125168656
91.98294112328873 -32.23593266596208
-98.88682630217188 -40.00790770219741
-89.94193943204239 49.12945222264168
96.96101863398718 -19.69216715755539
-93.86232253195722 -14.819247330155045
-113.41952270408704 23.501366650818188
-9.581510704381719 -91.68595089571795
45.24367229704166 -100.38310750733045
86.95047120078058 -37.984607793945536
-28.831176117224118 -82.68134359093489
94.69943957965326 21.382105802625258
-60.184345187608905 83.55119574412845
57.93836459992904 59.752827535341666
109.12152718780213 -2.924344812689173
-50.60663152325276 -88.26390921297252
-100.84974340724197 10.519192150120057
93.90357408916971 -15.045904332430558
-31.014365650572735 88.70183183545994
-97.62520552744756 -13.190646220708048
-22.660306717357198 -91.55584695869885
19.674797741757068 105.57910113063569
61.241804088788896 88.79188542174482
-104.04108264521768 -11.46675736346455
-101.10657673608627 -35.950068007362916
57.53363690343585 101.41199202522769
-89.0610112064014 31.420599847470662
-87.42281634870663 -46.96999559324868
22.374842625610135 105.75448889225066
37.00716877585875 -96.61153355906013
-36.863148494182916 105.89645526711796
-71.42793346322331 65.64924592898355
-101.17650842593109 -23.971869451029605
-67.37363824335432 55.864555140423
62.75458104344886 -60.79032179864795
70.50699681431004 57.690683578568894
94.68382506058062 50.32058440747386
-84.29557191703172 -81.40465811680919
-65.3220626584269 -68.54796520137768
104.00946886949824 -19.030617905055383
86.19070562874452 -16.166427302872155
33.76141759254546 91.55620614294786
101.20098831542082 25.760641205411854
-3.363825858620514 95.07199597957205
16.454414449879245 86.39225747254082
97.67541588129926 -32.35059138998437
-86.03053832735712 56.101972770428304
59.835170761759215 -73.77630211704994
-30.50656627819331 107.78416433201478
-47.46948866142877 -78.33413532516505
101.90069960841741 5.183885131534504
62.84761212504691 -70.48681113603095
58.45363513256217 80.6941153769161
92.78522080718719 12.298017862179135
-48.09166250493697 64.66376699708015
19.241913909502973 107.77081410977591
91.01403580390689 -26.483342936702275
-66.31077492346743 -42.95545610798149
-24.576241022239067 -90.4456347025984
-108.02111931029751 4.134824429970719
-37.73245166094517 102.32184923348264
-55.978366938059864 74.34376924057925
35.40513768665138 84.66628725926209
-92.24293636859561 14.951467410796887
-97.46915485335526 32.646504060435426
1.4597246344215096 100.15178319599117
-95.62570944635297 -40.749601376617996
97.72622665124761 17.54643712814223
-13.544638651408746 85.08808054453576
94.32360187264408 -59.03965868130484
5.489301506672776 -107.03566158884401
-85.12039585036597 -48.044358786433975
33.967563269169716 88.86994647139117
-98.53408315445614 25.992134452033092
-70.31540892158725 -87.2862531870383
108.46932475130109 -19.794912592560696
-13.694987463462658 -99.9415294558971
42.354731567000194 -90.72226141473195
-14.39028896280887 -89.34036328480447
-99.5725062071127 24.433899233386573
-76.43499277357319 -66.52914817825932
61.14127165878412 74.07319451119945
49.58039790848196 99.59549066657493
51.13200701318047 -87.59142809236629
89.50631985003747 -33.27147394491873
63.29979250547756 84.71396444146642
56.83869873393549 -78.08970337776867
79.62487789985808 -51.18680003988165
103.11537020729585 40.55129794391792
-80.89180848853617 66.22939439463482
-2.66445497471193 -104.03376514893876
-21.864156380576187 -81.20405143192153
-98.10029018478643 31.758873507106998
-58.275118797149005 -91.27842227283611
-82.90842748156462 -57.62883486083538
-94.4433394280258 32.84415556243125
-17.93081670930627 -88.07787407170542
-59.88541718563571 -64.72332061135528
37.13644874659851 -97.30983937673801
69.46632153102841 -63.42553488420484
6.325109286641069 101.82464396542595
-83.27750156164261 63.128652117443735
58.79094057538281 73.96065123562754
-90.31040131077631 -62.64409338856444
-43.12607819314488 -97.47934991957045
37.13368500243242 -104.14832276362954
-62.34434589226313 72.2544708685353
74.72929136463287 51.735388903763926
21.64432175808824 98.64172926451067
61.76999561242768 91.15929610952554
82.48464621355583 -40.72735856309762
-17.965573518414462 106.6158381122889
79.69764100959252 -66.20765466312663
31.909411216759036 92.06034292429304
-81.82723367272436 45.2355444050017
-84.09923240184267 -61.73807033811112
79.0972885791886 28.645852652731676
-21.344904247380384 -105.17031634352726
-90.37137854647071 -25.2545740355781
-97.93886494112478 -17.46941883253283
-87.85428908490509 34.97457050830394
64.46794670948853 -92.2653022620683
42.07487829496228 83.7069531048825
38.33528233979534 -102.89608752833482
69.53014741873568 -47.87554682905643
107.76505624764762 -6.305510328883613
75.15122135723777 -23.211441612033447
-92.88766898911192 -8.379366646889663
46.888287867850984 82.8330876015116
18.255905638488603 -91.35877808156323
-40.25533969658556 -98.58772275247611
-90.28483170703988 -59.638726069444125
-92.04757346502369 38.556017181968365
-73.5856672870512 -75.35654055641544
100.05122392716709 9.112530802176178
78.35066728467446 37.740495595121715
-63.09436420980832 -82.12976728820524
90.67716030597803 27.23206578241006
90.52159619203724 44.18507343151206
-8.177643130967775 -100.22226472472566
87.19166410471817 -49.78222320973114
67.81284220321518 -67.66026344661029
87.64942218371417 28.30488378282242
22.44671606554585 -103.28941643433585
-52.307373964441105 -87.55222991634362
95.53758511102858 -3.9085854241912337
-90.00659977227356 -51.09615511547926
47.13262955094504 78.4686492418271
62.86879670617826 54.0302607644242
91.92270543457916 -52.050971010119376
-85.0897834560959 63.16394103230782
57.316447660201824 74.33942574079208
-69.78795616485803 -77.0414997518347
-64.33530915983982 -90.71659772789079
95.06029158073781 -11.634714451268891
-99.27781377616257 5.6074360634641325
-94.68953068354031 -33.71762769474987
-95.47517193721956 -3.423265633255011
-28.08821890462988 103.65754907442461
-85.17642855827806 56.567546067749305
-70.33155178193483 66.2871561572961
83.47076027682738 31.18703664174347
62.62901654134716 75.00766395073772
-66.06246882700302 65.63018453528258
-83.48172468141964 -56.87976969741337
-37.58500790319552 89.07071321859964
43.71377902904699 76.58161063326267
-14.019568236587961 -110.68463452472572
-77.2947826903177 -70.71450007308876
-90.22713914441528 -40.26645859818393
30.435647346756635 102.02370610536819
86.31564547597367 -29.04894454515588
-76.74737488155068 63.583411008927236
14.745689108706888 -95.72179822404074
60.04565167654739 75.17551990337373
81.5568114504262 -51.09293841668619
-91.34200699452336 -25.868508769171157
-76.59036979880706 58.35328020264843
18.23704160647649 -99.81526469054039
-35.39608437788584 84.11895545039316
11.877218520425085 97.67336273194564
88.7019670166325 -12.24210202281964
87.16904033412914 -34.4786555744382
-13.450929765898975 -111.24506594561204
-71.09598747121252 26.27535923740374
80.7243877494361 5.21555117722642
84.10586523294494 21.45008580930952
-6.738854310885074 90.51362769220964
-80.78106896710094 78.87072560211682
37.75786473696928 -98.36861474648663
98.96419421411771 17.330236690178793
-68.6695172002096 -77.85061615630823
-83.46821200518825 -69.77436734782466
-70.3130689285127 -79.52220460941422
-96.12976511297911 -30.074698365275562
-96.78861040763772 1.4799996725901718
53.11543550716832 66.19684511157965
-11.721398620634213 92.2734796638017
83.3569180585307 -60.62326758956231
106.42924962801509 -18.250761587774768
-107.29154086818178 18.272012905557453
-104.35828377034973 23.582988600947054
-88.40568061749244 -48.036044631927204
-32.25758625021673 -85.61495640991814
36.67775824620943 -82.51529279980065
-40.96592000639062 -94.3702838209987
85.44830958376308 -55.08218902811786
-25.481475742663786 -93.37385755298091
93.3701560634702 -36.370929899725894
-37.85364014440543 67.88572098304176
-74.96918132464529 62.41575812856036
28.094350105914884 -84.34733144572805
-104.56338691649748 2.2707846040391853
17.723857462770507 -103.89211754930558
86.86540025378845 46.57978474212313
101.50170153367581 28.247229353892333
-97.07132619963363 -19.002703236586903
-7.990618026209411 -104.92672050758127
-17.344017826350946 -99.37992321814065
51.13085578686649 100.49331166525418
-75.1512939878387 -66.38249508975792
94.87750763406318 24.38921269525125
-100.40977211122234 -13.637733859083594
89.64875791110961 -23.27819545864363
-78.31647062212335 -59.97393953463247
-64.74472044733949 -52.65860802745117
28.503985772476724 110.55571211973874
59.67043503772192 67.58165055846122
84.54654461047468 49.989232843669576
108.66792551183089 -37.30059946030629
-25.5710414751254 99.52542554517545
108.22408946325113 14.806529121978572
54.033022808012774 -95.6201502221027
49.56834526152308 -69.57780732748594
-7.02382717947776 88.87313169865521
66.5008424551836 -76.8689451504878
35.132517660202105 98.30127165115304
4.131071306099495 -107.84355035424363
95.61260073240673 -15.555793004379526
-92.86309619377214 2.1510527074509787
116.1400526801102 -7.848024722481349
-90.17855268894104 23.79642801771406
89.60267920676851 -70.40618397941098
2.107443048709979 -94.57118454321821
104.5435019979015 19.338099028035234
-82.61968448144513 -40.42682375932316
-47.821121406844 95.56980052972176
-68.88142629282905 -74.79924201668022
-83.6170667597017 -72.16874044515262
-106.55791240142268 30.346040094388666
68.7972504355875 -69.34430145921922
90.94458085968485 -41.59347242059944
-84.4284869363381 -22.540084294059216
-69.91577380453822 -62.915512058467414
-11.399869730817668 84.4669353094549
76.80254008655992 36.47076658231071
-60.77936031446901 87.90832289481187
-47.07628411188092 -77.15246671417607
73.4667629990885 -65.584181121414
-89.1912152453408 -8.405555691628935
-100.91224194112384 32.34706946747696
-0.6838404939384602 111.63069539471421
92.12600513003309 -10.31432909692635
71.24176400290355 -48.87482116267359
26.76609973698931 101.22105640562096
70.71271641901721 -70.40124035538703
61.53782598817925 90.12480137898308
94.11185601342032 17.389963964406107
19.936393967067087 -106.711978108588
-90.78368961152864 -49.97247190103268
-98.53697514121949 -59.00899361488129
41.756577091353535 89.21450091727209
-2.6314780410094576 100.75742698742278
84.63046662543177 -36.40368243370742
-71.47022889517586 -90.18822037607119
96.18186760080373 31.380861748762378
-52.02491887609763 98.65182410293507
-103.93773792490731 -39.35325562715998
64.58380240256089 62.316281203705586
17.776172429619717 94.78578304327189
82.57499787526758 -44.98012818444976
-108.98925837862382 -26.60640765707002
-102.40246090067711 14.091372545532222
-71.41658712993699 77.62729271327201
70.16809623355354 -78.44522743877465
65.75906500553077 72.23103116267401
-82.5086410977899 -76.33229900371556
-88.5194586547804 60.343911532657486
102.42232272275469 18.41005915250491
-59.812955131615965 84.09615866886952
-18.072225802185674 -101.44825489474775
96.65666074404928 -15.387415158965103
-36.676776257768445 94.10983461797125
-61.15398077789498 -98.01411480258673
88.7298972025061 43.76682154148568
72.93600960066834 -58.07506436694198
23.87034196937313 98.59543183153964
-20.215372570680533 90.95013748053945
-83.46011550121156 -27.833392670661844
-48.64390664867366 67.31373013472633
-81.57221148697421 -77.72864988475645
92.28360195078956 36.87660425792754
95.2371934856692 20.523626059525462
25.024298084694994 -96.99562187557422
28.526164894446868 -107.31520967451071
-10.162036914959588 103.48494594982053
77.72333924776812 -66.64014849299427
-75.55301091276039 -69.33138721756123
-78.09623455382874 33.44463210382625
-4.936917332731352 -101.8281848677462
-93.01477248466446 16.503263922958798
35.20449658714427 104.0798595071042
-12.345515735544401 97.65081704917897
-94.0932925223952 12.981752731678334
-59.164749865398335 -98.64709569560169
-82.6632797637263 -59.4419064573764
33.737375127860126 90.88429480819185
-68.96444602504987 -45.94715803963519
-51.361356166515414 90.11181932795783
-93.82973785010373 -50.08505562026982
-99.18395651171474 17.324870202078774
-79.04136022114892 49.74516237230921
-24.88973307765854 -88.79614548752986
-15.775338307629573 98.77248810505044
7.176357972675576 102.16682064092804
2.553543773722477 -106.82534704040486
-37.35770723824499 86.97569879746293
-92.71311526362402 9.635726462820188
23.72139752589863 -102.69211462193519
90.3303414962804 -54.93942206367657
79.85715957009677 49.77680457931254
66.89637370229578 43.75068627927667
78.03798113686321 -63.57778290231486
-51.72857009251042 -72.76237594826289
-5.322247261749754 -99.35836744991258
98.7255020239363 8.284251182018671
-44.481671678645505 92.78408536698998
-94.4406811582401 12.357714654680747
21.445946790410304 -97.00190065614382
95.40983200518986 -45.30207631156077
-102.53994232481398 38.94558998684144
63.680767283619524 -75.8149357174705
64.44170895290387 -72.41336112103886
-86.01836235529565 -15.21994183917496
-30.362595750063395 -85.41343426446136
-32.96310669724085 -80.47720265202679
-71.24270522964058 -89.48774794868687
81.5081701557916 36.62483953637123
-99.22805643227976 52.56147289074153
-93.32215802942248 -17.543721373683574
46.29250824606866 93.36024735308462
11.119772375907402 85.66993572884144
-42.79584637234433 -80.5354306000343
-48.98707872826726 87.29328651007592
-26.35347400657853 -101.25171312749808
67.79859803331958 -75.32406750298614
-82.78461788318569 30.163276006451593
-72.07464728279183 -52.976806274720815
44.345142850169694 84.65648267132256
-113.08192190936924 -8.34302938898113
93.24238699470737 40.278338526263035
110.62625363830816 -36.72154385392026
106.3025414178671 18.908263957022783
91.71428718304435 -4.427184600695528
-82.03679166585188 52.57318885903656
32.36180568973415 -112.46775995491667
-39.517508143079944 84.9144878254776
-63.20066136692596 75.78889304620387
-107.97285850596906 -19.55249952583338
84.63990318723982 28.14127009247815
73.15449553068159 -79.10141262640553
-68.48039319123681 68.96606702783704
-88.15046786336224 -20.50729772115761
4.047028840592728 115.19980536329295
81.19193509233283 47.73995855319894
39.83037537014164 -87.19896990063721
83.69592579109812 -63.25972924349956
-113.3922420822807 -14.52703899288251
-101.87134923154048 42.36528564852004
88.29539760288101 -58.41441672761673
-6.939031485485686 -84.88774014330244
-62.205924901382225 -64.29801296861116
77.71622395417302 66.13348497128544
-32.87603510421154 -95.89702203395692
71.6575541698736 75.93125565126209
-102.68103704377899 9.479944103941621
-20.165894448449272 -100.66685288012596
-74.16881563204336 51.543808204356736
-54.22312593604584 -64.92295139138842
-89.8047095065836 -47.61930316579529
-66.1978002389346 54.24734393816765
106.19758236690748 5.404797427829779
-98.88449582323442 -11.959179709072659
54.033712152695934 -75.85248365104415
-98.23487047310435 -5.444009809905165
42.65469223321451 98.55502499114365
-36.46874711468523 86.12576211722029
-75.40307595739087 -49.07607855326681
2.826699422331979 -100.825933567037
21.368805195084803 -107.00221782538361
-62.12648352851883 84.58478634659492
6.388230978070529 97.44295481892311
79.91752675827354 -57.60420828528043
-33.704020245317274 -86.470912216037
-92.13964467651587 -50.97444049048456
-12.611848403080552 102.53878125884563
-34.84946019447119 -97.93220870480394
-3.5288947716588406 98.75719270100697
-19.61610744792715 -96.42497789359965
-86.64605481992578 43.930778006753705
-68.56805736490082 -62.603129326855786
-39.599255921898205 101.34592228990131
-101.35938879676016 3.033882252652222
-88.32069482956518 -43.20198207616249
-14.10701779281941 112.43372747662713
53.13955805004042 -92.46999519830378
-89.56315953668191 -28.391714794268847
-14.839601708421707 -104.28471599936317
95.76461133997817 -38.20348200561648
104.79751343119779 15.649180547449024
102.65504728914003 -0.46782750754646824
-103.69469917015542 -26.96464068957524
-62.97612305314931 70.56566162696387
46.54681089898417 -82.44488102450089
0.8589961349905642 -103.33172809041453
42.696975298938476 97.60994146603643
67.49649000554777 44.53941424312032
99.19459121897694 21.163527419601625
-77.55899368994118 55.19497781017075
63.79282533855562 -79.87693642120472
71.25614507989951 64.3069559253564
76.10109786322285 40.498400873672885
42.800417356263694 -85.21494554534755
-53.00345985477831 57.01967512689937
73.25407049514796 -73.67979265026486
95.4528685346509 -26.99134211613147
-39.15820823649192 98.84120029455924
-44.87626045487719 82.56531500531335
67.4816477605771 71.92762005314276
-79.24749951548378 -72.27202354609742
13.823071648050087 96.16466730237838
-28.066756294975626 90.28816841995943
68.75189160577092 -70.17198255874673
76.08151301537063 55.23246340659219
-92.13798798799 -20.53946154666092
58.81991093046063 98.0265046886794
-23.077530243864807 85.17997374402903
45.821083044765686 -93.38057685787054
-104.62759125114087 -35.609304051404365
49.147701838246704 92.70354185948175
42.674827374018435 98.90617375001732
88.16391805842619 -39.69408711561287
3.434371232086079 105.33598344656522
87.61475766092472 21.51292287933539
-91.59161039784088 71.00235139139556
-98.58669298276922 -25.50564334606749
47.34203629289985 75.8392296281245
29.552931489905443 83.3601266062909
45.82860528832314 98.65428225904463
-61.72399271740316 -87.49899418166609
-102.03706179789391 21.689881423813187
-91.51138147088868 -33.59129646042679
-66.56997981757765 -69.00568101668412
78.02704513578371 46.62905277350575
-92.20697360883517 -46.64009418503239
90.19340672994794 48.86794193685384
36.93188897483264 106.5623925545712
-42.274604105084094 81.4797472595727
74.68610436670433 44.050911518861696
-23.259249498060502 88.63975415948238
-60.429213428290524 -68.73359614950706
67.2810797476288 -68.85887478354452
-6.573874481919123 104.97442261938345
-36.52530699832649 111.82009296928986
14.179440603054113 93.76764814607571
-25.897060388395985 -111.19017928417159
72.98057600590742 -52.90633048290153
95.09403466546087 35.93895534258554
43.40211737520985 -86.28064858405223
13.588884677982174 98.86570291358176
-33.531279214979605 110.23033347372929
-105.3295994072402 13.843127686619622
-78.89233080970382 59.91484117028307
-108.68324076802818 0.722901437153025
-63.324536642959394 96.89244013490077
-65.87837828103028 66.90747096502865
74.8719723180358 -68.29310039044309
-99.85514504212682 11.769297939509004
110.17748758083142 -1.7676054275820758
58.629808017065756 -95.7790093851432
10.924888210388193 -103.13995396252022
-52.359964235546144 -94.51988861378678
-11.59663453779124 98.29559139367556
-52.70658336155578 81.36657619929409
91.72418194410498 11.174522251338145
-24.6095520923994 109.41548433119151
-66.21393453900279 73.63875949599866
99.23359563533236 -46.64451717528896
-20.722537089770196 -110.89874088054377
66.36102055004818 91.27778595010291
103.34410463532669 -8.838248620353163
71.9920811165558 -57.16753740767024
52.75516261098911 -71.98177104090041
12.48850075474094 -95.50321141121725
104.49277685292421 -25.78261312589228
-47.3467682048699 99.12008647729054
-20.846770200359945 101.92062655406814
-20.582721499469287 -100.17988661765015
-97.9524315518406 36.66017405232923
12.449172473267199 -97.9652953279468
76.23082991258055 41.64138267836315
22.89295960658774 -105.96749642223746
-23.29346728501372 97.22288469911086
80.74988724889015 -32.58357608036129
106.51756002155406 -46.55612378588223
-47.43762057598999 -81.91739093348453
-87.64588824705669 51.12716563117422
-89.10047499783379 14.911189997990544
-102.7961583099415 11.779482097478343
87.50179723152775 18.945930725343207
-11.43940751389133 -98.31414251315998
73.49409487428721 -67.25377767402671
24.00284261648074 -99.70628799539855
1.9225679816488375 102.08173411594336
-78.63181214260256 -47.86321871277978
-98.96967528038782 -4.474146181833312
-0.6582341760626136 96.69090715676845
89.63601378427406 -58.90881925808358
-92.43509051938179 17.97569001542974
64.36764310060497 -77.09105336799794
-10.378359667737891 -102.21560246186192
49.577028966649955 -84.18231967726116
104.81309508170095 -8.444028802988953
-57.7063681686987 -84.82630884874509
-66.71620492939326 85.50788436034505
-99.6833880454311 -2.6703097505931934
89.61925112899621 52.589179340676054
101.87885300229766 -31.21166080249234
-71.601089481387 -80.72745491536654
96.3718885786561 -4.466325788323823
7.78572602484556 -102.95876932844888
83.6749374545395 28.66976034419103
-16.494746646132242 114.99814690352756
26.360224444151154 103.55700341319861
-58.193110809207134 95.65828188394191
-99.8621399775664 14.457363780741812
55.63255045297967 76.02663718624255
-4.500660342417297 94.95342226528332
-103.33596468117067 11.717530848927403
-52.997800039036214 -83.94625959196516
46.20075836528777 -82.62157786597703
4.645396485262448 103.20880720303661
8.879613553696736 -114.15004449114264
-79.29996557759468 -57.63990101433211
99.3939105837575 27.430618343715967
13.233146942748906 104.1378252547005
22.647744847767783 117.49390271345504
-62.176378900097575 67.33097816647869
93.46543816303036 27.881409432316932
-5.308997808653608 102.60588455534594
-70.08295430518743 75.67820988156794
-95.59101877169024 -25.728020687139495
-93.28311788445494 46.634250781164866
-75.80282657688306 -52.037355724633834
-22.17269260350465 -93.73064814324644
-64.53910047667918 -69.85022220377017
-26.38348464579081 102.81613038989742
71.62076512967494 -74.00697251056047
81.2740644824495 33.93963333544159
65.90703008358354 70.54256497295319
78.8953367380355 57.10945185594723
85.73431788778784 40.62654785924124
-45.97380949496461 92.06668233164567
44.24574744935015 -85.82713448439395
-46.364766744839336 109.9629971582667
-84.96606050678685 51.020539246158314
-10.629074558876203 109.34447918151677
-6.410432092760635 109.33358100986734
-86.20347575887338 60.29164212660769
8.329761682315164 112.54900953630028
-90.89143349778435 66.23885453781554
-93.55332075462256 11.45010156529213
-36.7892141148901 88.20794860589118
-58.77053604047818 75.28035171687236
43.706033165161294 88.27581260704187
-89.47552061378589 -36.525080274945395
13.19283995829223 102.75682711486144
-34.7800381492443 95.10238774109817
-73.20183585757341 65.49554977662532
109.11830813751065 -25.63787969530752
-80.1925150488309 -64.29086142382619
-33.16180453308467 -90.47028997369291
-41.18317118448699 -82.3155951692766
88.28638015030323 -64.97946342860327
86.80695643759388 60.53098583902014
102.64586181446982 -69.95421748525706
-30.895512254629548 -90.8064933181179
21.25171442820999 97.22447848424356
-66.92622634148074 84.51547174058726
15.912589703252602 -108.07744024375906
94.29237318624492 -49.296606557854695
-94.74453080216679 67.73262233245873
5.3730602417973525 -93.61924875717662
59.03727195303875 -92.46490592666049
98.47353090334974 3.2950222386761503
-83.07444523798682 -62.33117341266553
40.96161021210926 91.79416690797605
7.622731543582806 98.43411524790444
36.14273018001661 81.52697651969757
57.05669937837099 -77.45602446776037
97.99073983010544 45.262609243737394
93.12997808907001 -47.05543445249482
46.20049976655517 -109.6789787943081
2.3484407778767413 98.0237475515013
41.43434323815443 -84.98506915400185
20.893089473935785 91.16897661705734
-7.869644626365809 -99.4699438697264
-16.60199712584587 -101.91130781287102
-17.150070390094708 105.925999095998
-105.86830254411294 9.384882555563522
-40.200381471835655 85.69663153521084
-86.50301734913351 46.21436758560704
105.16403990803485 -17.262640629086718
73.58904689354405 55.03414880977729
70.73084466325282 75.0494133200538
7.624997630599947 109.72079301953094
85.84736054694498 19.388434257601748
-91.69949276337358 50.76338131419768
84.97582055584643 57.877085147342285
-17.785560445945745 -102.16759893760145
76.41450853987202 69.78233696460316
5.351136267451427 -96.9142338749882
90.96391130976887 15.563030115865573
-36.08281723825538 88.74498016798147
69.13651823938352 -88.27128212776022
57.49162919853582 -85.04173215473706
-73.31909719085459 56.336435302619805
86.86107369356505 52.59048748439524
-36.414483223942455 -80.01848672509871
65.90183472517958 -72.42389999783566
14.91785034399035 -95.61216067738256
-75.96214887615383 -68.60477628672623
36.786116649406914 91.1764615009047
70.80519455277643 87.95709299244311
-41.34247252905053 101.73142445013733
8.553225356839452 -96.19432393304731
8.277518544322767 103.68453588547688
-72.27487565443522 -42.48729379358825
-87.99503001733147 39.34252195312469
36.46569680682888 -94.11466470654798
34.86683117032686 102.10454931690073
68.698638307914 -49.187275997378954
-54.56119487110709 -73.9561919467817
83.20685721440329 -15.469811292227304
100.96751936868289 11.733935202124906
20.622070184877 98.78251719025197
-83.27832642723418 24.79669442557623
97.94062296817974 13.456565333222038
22.048973760469813 -98.48541190531576
-23.24736014417786 99.11784825209628
61.64185520416843 -81.80217155927623
34.85989367352215 -100.61262006892575
25.52204982705815 -102.68504883238653
15.404805522776527 96.20386754279718
-34.96928938289279 115.47525249349845
90.93786350752119 -20.51543050297184
-90.95834738643899 -25.557452075936776
-24.368066246517863 95.88552482016287
-24.48525558771354 -80.25959652161876
-109.41180088255875 -1.6669443508205963
-88.1228913429792 44.111647108075545
-15.874498105990186 -103.63729514885553
56.61342810454088 84.17348785006247
-5.054636561811434 -93.16470245219091
-45.87457321410216 89.1584316255986
-16.402819015023464 -84.15382435362622
-34.1203533941098 99.36688599681139
102.34897936944857 -4.455912308025658
76.84710492360716 -47.55550200381832
69.92974483205946 -83.84996675559734
8.901888383532636 90.09220604047574
-22.21940322618724 -97.27822455265752
-65.20421162259495 -72.47374122391243
-92.08197293779351 71.6131243094177
-40.77712863642928 96.9371063317336
-101.15426190701729 14.640532629202305
68.73341084661976 -61.37133769467632
-50.922440552922176 -81.75016220517685
-111.97640579120906 9.665705280389098
103.81761046598693 8.410550214431632
-87.09894354442363 -36.34550556475692
61.55769551315854 97.9585494369032
1.9921736060390292 -115.5567111593981
-68.98331658217727 -70.26104477968201
77.69542195092014 -60.33713828000895
-100.1540657133976 21.72718373770794
109.61779551811595 -2.3929976008091334
-103.97504558757326 -18.47230241122694
7.567019900142405 -98.74031799432551
-82.71290099221883 52.798948810974125
-83.27319195944409 55.89558705284981
-3.030231443590714 -101.92231210913138
113.48189648667422 -38.40682871490321
-12.229390390261171 92.5874874728826
73.95144221927528 65.10169050657461
16.90020755080833 102.08982554131245
-91.56114961098142 61.53030652071606
88.21628406523146 -56.10039786257447
35.67630766187192 76.2381486333576
-0.8544645239457626 111.4972931169256
-81.41771271568238 65.47280657619257
-17.911267929774123 89.64779086572041
-32.21593622070562 104.85039380224745
-77.69612376190092 -65.89315158755139
-61.31801459340104 -73.65773309876046
-105.40653443166231 -3.4961053906072928
2.5519569523396592 106.44916303740851
-96.39967816779398 45.96491907646393
-99.15306985459748 -20.601597758625516
55.49123682668721 -103.62067572525267
-42.80882655115737 -70.63814516658319
-92.1930578444267 16.29003294855833
93.614957701435 -15.114413331856008
-0.19610486997690393 -95.55149183070837
-95.68599671429735 -28.512214375525694
-80.10339161677078 70.60405394059957
-38.75264673150045 100.2467306102731
104.6158891452581 -12.18872694407509
60.613668696702646 79.69287790379877
-70.70312721566908 71.75723298505504
36.32930553795683 -90.52537248419382
23.31736648366146 87.36916529600362
-10.192501292397138 94.94989936408822
-27.58914823762843 96.84573965419912
-42.55981515694307 -85.9154191342751
82.39465574534286 66.26093468624096
110.49234867159859 1.726854221222929
-57.77458557126852 -76.83616391644937
-41.014980420106085 -83.50185169033993
-100.72423362058962 26.51696752567776
8.718343576932732 -100.78004592817997
-102.4880957160415 5.085376544919513
63.04738474308854 -82.06522878706073
-53.53645779988614 -73.57966014524936
89.53855592553057 37.69855874064894
85.03596006484439 -59.09494631021014
15.092765540497595 -83.7135996901465
71.06565175115912 73.42388597132091
-72.0686048029722 -82.51009402520359
-101.65988942839388 14.045160118593053
-24.786092043833975 96.1108319815578
76.32692160491499 -56.71659003333382
-38.00721679577779 -89.8123662472281
71.46911761946153 55.72825901712332
-98.6201453239405 -33.59977460977944
-77.74098707133949 -67.42807429710533
56.81934309445074 -82.1722635883963
35.43034703312754 100.37194550833814
-93.97480427071687 15.840069058606637
64.28845136438389 59.86711105022282
-39.4274040337524 -89.07303296000285
39.51810795657865 85.13185969632892
-101.30420893492683 6.975465484263945
46.52886350510569 -111.28560038260206
-111.62386023615895 -1.5982721958413835
-114.12008621203583 -120.00200095380848
37.45951661378203 -94.4777321852402
88.8478286327591 146.48830782776673
58.0291828978572 12.591467114690488
34.703138979847125 -82.082215805338
83.78940319801274 -35.20096289093071
-14.824384623898055 -125.02806857198846
-124.36899505102485 -52.93316595755445
-37.508883388762925 -46.555126866288674
42.34888563155815 -38.439123667129124
-2.003517740497699 -137.406340954189
-119.49660675566335 141.06849311220606
-140.92527308262828 -126.31921443490377
108.57901578669106 139.5688029424565
-44.02263350670013 -87.06536125869627
80.96731414865619 -81.8897707922918
-6.125914834138143 16.037020217241263
-51.0445833530498 -5.822209905399006
7.50483093652511 -54.84656890759602
2.3518965803426113 -35.26106518957562
21.867032589847867 -68.02905352873022
87.15865835525253 -113.50126246416104
-131.13875270412322 6.656858738947051
109.37666920148422 -0.994744379100581
126.77424277899559 100.5924331514569
-108.50373382624832 -7.5573094308243185
38.47860800907853 -114.83211461467747
-67.14461119756355 -84.6444035470934
-47.01559983692405 -81.73644306151904
21.07810989299702 -53.3420406010768
-32.96885073506388 11.8008627146192
-133.03203379414634 144.57241117958995
11.32172164309253 142.98795117869122
88.32286227218063 -49.76404415278664
50.29983176888453 56.612463696510076
-132.49825187187787 25.040939573379234
131.1674204614249 -96.465855624266
-1.2311459655187775 112.08697163968765
-55.58648827866698 135.01277702217328
-78.31725214375909 -1.5459837646966719
-48.768970119648756 -94.2655634234481
-135.49033918233349 -138.20225678607446
124.92781169572822 60.61954525165683
48.836222537163195 140.761193613918
97.47842650810992 125.97663246062535
17.767323703026392 -33.701263344430316
63.06709743427123 20.29137624801382
-121.0650786802147 105.83720574494933
122.65145740688547 -57.97903446755677
-78.68651430122844 -67.33587875574548
111.14188285563552 52.73651800646172
-134.50040458167913 12.579704432966963
11.728692544211697 142.115772668644
116.88644890071464 100.24604844413537
-50.46030397387854 88.64921395571332
1.7003248986768824 61.1483417572654
103.016076540218 -9.563659535443634
-4.963535266312903 113.71673658576674
-100.3022478578554 -11.652487571437916
147.91278925365503 7.458224063171883
-89.87269655610777 100.8401507721291
117.69209753377737 -145.53174251879614
4.515302574030443 -103.7949594816715
147.44945813098855 -122.56516427194947
139.90262760685067 78.43245703139422
-104.4120093327096 43.85194062329691
21.287801981081003 85.83773620234268
149.00494878013598 102.8323024889336
-120.0140188623215 26.474594063106395
-80.52540382607157 -8.276837081106834
-132.76729137751965 -131.33292505364452
-22.624532605304054 76.15266776226892
-56.56683363200433 18.197443155113774
-44.934671946301606 123.59980757557281
14.110883808631286 86.70989998893597
-63.491106322853526 -132.73091179925763
-1.0123752186249249 84.04985629375062
130.2895447599618 103.14177820617857
79.37710934703279 99.21876964701738
-133.19835501951792 -82.8538910407556
85.18285372444953 -52.14281667325929
4.4992524011915975 146.06347955088677
11.336677982175189 -147.3932756137518
-9.700595658827524 132.03218938252098
85.7172154668346 -0.5505139608163745
102.20686683204744 75.42569691264785
-46.87514734205716 139.67192672962312
80.67869442628398 137.83755362193943
92.38656265574619 -17.407633060215005
-15.619502883876294 105.21924635003859
72.92735395679279 -149.14678255206317
-2.249391337636098 25.70325852466746
-109.77487514832593 -110.53366111469745
-95.25968200859083 -4.726532557136522
-117.74126226342088 -129.44837934800861
144.879008308992 -143.4068693297541
-7.7840206297229315 5.234656977275108
100.47744308397071 -46.040101734477304
72.18145853967278 138.77456635921004
99.54460319978097 -79.89844780559116
