102.53503387410235 56.00170755223112
-17.900403391102852 -101.32468372291547
-31.89184770230594 -80.74837133863679
87.56339345625226 -37.35429508991499
-55.788088636689984 -76.92091912066812
47.814579994518425 -92.2321709826236
-74.38837568488111 -65.71678369383208
-17.992194057923335 -106.04536220391334
90.43057622333441 36.55358112482115
-90.0712381904559 -26.028957081812376
10.88241874212368 84.22679655670792
62.42483141024185 -64.76092496466376
102.16126695623706 -1.9116345962593173
40.16684278068651 -92.35769103032715
-42.325663954218335 78.4462545869499
76.53818581946935 -87.6168323062604
4.499674436663004 -101.96653945224047
-56.61956454838147 74.15751852657824
-54.294464088169 -97.79641603886579
-37.2483439081128 -107.70142547324907
-54.48746139733057 -66.2019571901485
97.72691451588088 -16.229219318383848
-25.708133028735656 -106.4846513803024
33.45082559321673 102.61161961953123
90.75689668721225 -24.21086840681606
106.37892605691447 -26.222865659782734
83.87934791129295 -40.88590307701941
-95.51439056202109 -19.709065950872372
29.51671521663324 94.1335871684223
81.81107698216674 44.01515010012767
88.9618521671402 58.92992181403892
-95.09704460724865 35.488812611048125
31.251902677765 83.78408424312046
-36.44328530683062 -72.02789184997673
82.76389856634779 69.77535538104038
102.3591082685791 25.291310716719583
91.48173446339432 -14.592630455018384
80.14235485602605 -52.25078925559283
4.473476800291084 109.70055848054955
51.320403216066815 98.5315521793662
-28.00529751423889 86.45193068092036
-71.47195106386539 -64.13470174241394
-34.433733128240554 103.22788665647231
-55.26127345349694 92.00787168687084
-39.2202363737157 79.47661943214517
-55.22852872289737 72.82006219870115
-91.09728489033297 -61.72395371071771
-85.9551063028162 59.503878577164535
47.920801074410385 101.29375665743252
-86.78168584334291 -43.83271296162376
62.10108650201683 -70.1709967255767
-77.76117785526552 -81.10026230229973
-77.63011934706537 -9.061722266627923
-49.238182935918935 -63.652191206746
-20.03433688528035 -93.41437271555218
-95.00384758719457 -38.920440202292916
-76.78611701013484 -64.54696071643833
-86.97335994531751 10.390446839348073
-35.89564356422401 104.01781479467391
-71.45487343802107 76.47836816662732
30.221150704709874 98.05650381837661
90.79783549988102 27.384528154062142
35.87128946713883 -103.31230935770508
-36.80044743564793 -91.54717865731607
99.56222200208832 -74.30730971523097
-89.67329468245471 -18.720246698443084
-104.2353010321329 8.90353159833465
-19.082470208281954 -113.44432957011577
20.441930849179478 -100.94814271869772
-51.66115436563286 75.83021406187038
-13.377439805650674 -92.71161912321234
86.37936130522033 -55.15216702119278
98.92130949964735 -41.73399342227489
22.330241692557383 101.05516355176505
99.69087683731044 56.83687415878564
-27.08177885704647 91.04348872771236
70.55146663424426 -74.60660713272205
64.3490158958511 -72.86321328606775
-88.44881142845836 -60.71471073566597
-6.00196945005319 -102.41246975241327
-45.89715301371076 -98.40118457193049
17.766507750736146 -105.69350273416042
89.38892593487952 -47.21077517455165
86.98046179039756 56.95970437039503
-85.40801790329894 47.4055543500412
-40.841042473141094 -94.71933735240964
-55.42546499289764 81.83338549594852
65.4037723017094 92.21510380215571
91.67325272200581 -25.709911544557873
30.000089126224594 100.40881246733555
-93.60325942124369 -30.92936966940862
-89.72127633831069 53.48388714501359
101.26796365922408 39.08451617346433
98.77470749753452 -18.670525558083263
-62.93118196294494 79.26344888990234
-88.84972480388106 -36.639724788981134
-10.208359406729022 -109.07001800585877
71.70651424504219 54.42439534367023
70.15581937868028 -52.4345599487357
-49.968685057465315 -70.39475605563932
-70.21327918173795 82.23699568939512
-97.73279979646503 -45.89883896332301
-88.84305793477556 18.31218076354685
-29.290434199795833 98.93621896407447
37.92122699777258 -96.94143392315533
62.17265769168894 -85.30206785992367
-19.118273141845112 104.67351264062283
59.73437144800863 67.43509962687625
-89.00275843518638 -4.577824434675132
60.60068087007148 96.88147994640639
-74.57249514007395 58.17563468000608
85.11911717542706 66.76819506771416
-97.75097909181447 54.98769774342707
45.17053121142309 100.59772241770284
60.9983032946516 79.09460392623721
51.411935347488594 -78.27229455533748
94.41257903679009 43.84729794875502
90.53026522652674 -42.75197387853818
20.511068020764778 125.42629054841893
-88.7146465594782 39.750840789369896
100.64872530747965 -4.60148698518204
80.55059844007765 47.075661007771735
-60.0683667437503 -96.27706983355063
74.98407070637275 -68.17963936073917
-21.710255614134784 -87.64577762206821
75.17982709799055 106.09042731968239
93.85458208233955 -56.00693595075129
66.76098799757541 -65.56861716411254
-97.59497087100318 26.562050594291115
97.96215455730837 -51.60555184951105
-52.821180769196175 -92.50691304713781
61.86443643695093 83.12497191550885
-112.50002132341739 -10.096605796691357
83.49208257830213 51.646371563165694
92.5210462264973 -15.823383566873835
82.63356659476176 -65.74865128157342
-94.6868341264502 39.942372512619144
-96.79372285681578 42.70717546021336
42.65904901761595 -96.98210628640899
39.71082346996947 -97.6556545714469
74.33469112106486 -38.026598862491916
-89.16312850765425 -36.8361192480907
-89.27290497842654 5.586759485928126
6.422358833789312 111.39039895769952
102.60090894242909 -18.103654443804672
8.58303135026009 -108.74260456349562
-95.04966257468024 -42.936944759538584
-32.64337552967969 107.81742306054123
32.16723048501049 86.09021989479498
-84.40005737559946 48.16764252187993
-26.830571936832946 78.15787777738484
74.03767314824722 -59.91129097859093
80.78209947000356 -46.137005871824314
-87.76736195877768 -32.652422239822336
-80.76794485114175 -45.87997123801716
-84.88801803614271 52.74334773020399
-57.97719860506543 76.17384815763793
-81.9423494011613 -43.095211128104715
10.015230714244504 104.83013590749188
-66.83457351918983 77.66588390312951
53.947567073011804 93.67436704754917
101.42290236222708 9.247713909230546
72.67674907370841 75.21427731752071
0.7887047197535999 100.96708729200941
-37.53553582401183 -92.31094967717137
-93.33432220559027 -36.37780311656195
-75.69447495190781 83.8978480373093
90.26273024576571 37.43758687371508
-117.154096246465 -7.2272736622568265
75.98791274314608 -60.34290571000235
-92.21147868933464 65.09300833759394
32.369119996299716 -79.41658260382324
3.2186739540782474 102.21476365002329
-100.21632814079254 12.59223793347152
90.85965501597222 -29.62375685508428
-34.59791489555216 -82.75743960952587
7.0366595957875075 87.55359286544959
-71.13373438507283 70.41611578522237
68.87483554920142 63.73009008418428
68.16486344802601 -70.71318633798336
80.08120282810475 -70.96389251201036
64.43386039612842 -82.88044429483716
-2.2584783353020152 91.34801982980267
99.95275684311699 -6.115556062554658
-97.08355975423375 -36.63026309176193
77.08862449225145 -66.97590774099413
4.050897245972563 -109.28310017687357
-95.05386340739899 19.003419563646336
-94.5356769106392 54.55997013056896
-90.79790778536366 -14.316255074260454
-45.28980502454462 -83.96045294621254
4.667255705207139 128.4774056460443
-80.28864159430766 -28.12071723507398
75.29146527896341 -64.090205037091
-82.83763410242162 14.036660111532088
-54.41659152869285 63.40410701126659
93.79700633432132 -9.938102240774908
92.30017758267391 53.273530051255534
-83.5898625187746 -48.0216660690798
-19.93066605573949 -103.42236278505676
-61.07937706076653 67.724507911719
-85.44500316438133 -49.26242918826452
-87.82408304058025 -3.1324429130347435
-107.5977680482178 23.495105396620858
-88.87495637587442 20.68324231936932
37.498929330396365 82.87935934417355
62.63141313833634 -73.1642615932132
0.30389932646591244 92.1779076453992
34.43921868657256 97.0253781238266
95.62844304026262 43.57790164491248
95.29922898845307 -35.65340641873552
3.009551240208402 -98.34162190921042
77.37728996500228 39.11759915385977
-92.53111294708748 6.14288663588767
-93.29343751030228 3.883462773643282
-78.94234167051242 -59.455204614186705
-100.05414235770195 14.021845536006323
112.66358371634995 -25.404676070136123
-96.24316887083563 -16.766503509205048
-59.60797074965458 -61.38486105080482
72.79493477895936 72.07492870143311
-50.10199177240335 97.61760198647976
101.97770315800719 17.110388710608515
-86.00272577044173 40.06804727186133
46.246414291221534 -78.87701275006725
-45.79256218755612 101.4087712677212
113.53257098881076 19.128071166664668
-93.30198491347025 42.40050358769028
-77.82597321827716 -61.170645683607766
46.796027382848806 -72.47599445509744
95.11316832188622 9.794339489173826
-98.24323958679194 -32.09310517058416
91.6979866538243 0.9409966809152442
54.44357567513553 79.8435631070095
96.57632989542763 -27.52294531604227
-80.04867047545437 54.859273611993295
-31.574855980857574 113.40925136749921
-45.484147257562434 88.31861877549235
6.883360237973533 -100.42399300465725
58.3589310749601 -66.52742792380909
16.094812153493862 106.93729630609248
-80.52982383333149 39.30687170828724
73.34794634225156 -65.7770102820675
-10.06368109237683 82.32433785221004
-100.45471790396061 -36.96017167780319
93.55104387573095 9.589148242021771
-72.95882593299112 72.14006552729072
42.39596006643834 86.2722354783138
39.491893146735315 93.9472450697494
-98.31339861443769 22.499576308386594
39.074213234857865 -79.55354429542635
100.4317036418684 21.96900539780358
-66.42169869297794 -72.98283177349333
-39.42886541934951 -95.94725577198852
87.59434964222736 52.487957076086445
-106.18564303910166 -16.108151790458717
86.73734191457415 -52.364506123472395
67.15048585107186 85.17950298069405
-17.267168131781613 108.98967513748896
-106.96750921787708 -7.218040339855985
-45.52464857720208 -90.62565792387464
-41.900585169484025 -92.86552429495815
103.89960551496733 -32.82763850663914
47.17817955473891 -71.89429280018916
-88.30976904961838 -24.6046048169681
108.43538521678764 -6.795996675653581
-0.3318522138208395 99.84884175170963
-78.60846947238811 37.148833040238664
108.36302126390706 -5.950802184567851
77.43378374481796 -61.94645203699413
-107.85731548520562 42.70653973407037
-83.16632691756938 -32.98448125125249
-12.585759730164956 83.05728602061923
82.29433639991083 -43.845119870370446
-34.82834383384525 94.04100926702698
9.769668363190572 -109.22247495132378
-6.6755739863158565 -112.13001267216227
65.31509277888422 79.65709056210868
-45.87341121181138 78.18525320736713
58.863020820224364 84.79051935229113
94.70349178409343 31.722526362957034
-73.9909343964992 -33.56286998086624
-96.54530734816592 -21.358782163761
31.364682965653564 77.48385417794181
98.05728112485109 -6.313605501527784
-94.4113007125025 -11.190291519715435
75.19768452159279 -53.21714461059054
104.63849596004478 41.911315510539936
77.57074469345592 -10.791284038737276
-51.27791996994634 -84.7107612544347
71.07274117271649 58.80682155588753
-73.7400841949189 55.52258130498254
82.61340088679152 75.94188273961338
28.318405523870204 -93.17019947424782
-32.327685726556034 108.14708026759183
-70.7435379127674 71.52123210509909
-81.98602568953147 -63.36194529353499
11.501054043881988 89.44650111832527
-7.225804410967389 105.10431481631389
-87.2791858907658 25.31864116574872
-73.86817553683208 -70.55812339993803
-64.81895336281342 88.61544483213413
-66.73201966777673 88.5170704956173
-3.400866859054486 110.94113833328335
-108.16294891535777 -5.725513461001888
-4.287817419699784 -100.58985632777477
49.69339154755736 82.50447875038586
-89.0471474377828 -13.430837191397293
-30.715927145950484 79.13370712537808
-2.180621409388709 -96.42739996937077
-88.15714697640148 -44.21385629342058
87.39081986835923 20.4557007354127
-38.48103095141466 -84.7870346339742
-91.55226625976177 30.418230179374728
64.68798234529552 -64.44188589117417
84.76902364467539 43.82252090636765
-72.3826761006805 63.75701768943587
69.89917815007976 68.16622471730373
77.03783595891132 55.69296714232303
15.770082991970467 -108.4599242090937
23.44219301977612 -104.58203081039827
40.36421807109513 84.69869265417972
59.09131664790102 -73.1125640889708
-90.3499010704536 0.6652925690494642
-107.30555627846442 -29.396098408776925
-81.81816048034105 61.19045322319515
-99.82827202195092 15.736132227076851
-42.23835604142714 96.73057082730128
106.72525035433185 -11.146934291773333
-3.1420714861811687 -83.83549755225089
-60.13024282625127 97.49308798823898
10.713287596736864 102.49252057842266
-69.18726151511015 69.1424718029381
-85.35637278183093 28.56461505651348
-22.422710932002083 101.44559288727443
49.40684242857861 90.9479710267502
20.75026271285788 103.57695412136181
89.0205064654654 -58.49703118369347
54.47765354785058 -75.52719894584969
-45.14843179081785 -92.70653977402678
-98.76459814780912 -63.128525521863864
-33.163561893071986 -103.4361461325331
-81.92104047849662 69.3013355472856
78.99880134435125 70.37288106109277
-23.392730218911517 93.21322183475536
-67.96905730366387 -73.55993346200208
80.35470938954538 -0.9224346547950707
-101.57242625582931 -19.954798364748203
89.70341590406794 -32.11312012557795
46.310933931956804 86.03309307930795
5.564646053605585 97.42749771177003
80.33276962897978 -55.92219776396459
-92.88107216947296 -54.137544521755636
-90.85408584303556 14.469973641217866
-1.592104734197855 100.99608395018137
97.52551209397141 37.49041689971152
-51.4310537794381 -95.55525081096016
22.43478778206943 -94.89407030739703
82.52622022852722 -47.96167004233791
-69.70636399391606 -68.20269319063283
9.67137345707679 -101.59679175569413
97.57243488865724 -10.052157845435978
96.9173902342628 14.766652533683175
96.65250054715914 -27.34333095056818
-36.79034074339013 89.17541407449534
-41.45752108062032 -77.80936391649658
-89.71386010227602 52.91458318600512
4.045604156545899 99.54629688774543
-30.082700819036717 -87.03677897315978
95.69321350546859 -22.645105304139808
71.22297849062339 83.26990563981163
83.78059887121252 -71.89499075910258
27.731145506237986 -95.22354345908363
-47.662291111337645 -89.83898596509037
51.53723217019516 -91.75261137520211
68.7561985956166 -69.70456871114581
-62.83966880629555 71.59295020268026
40.14526448765674 84.23523669621785
-85.54918621622068 36.604323444580025
-85.40294030718782 26.263493981311967
9.924914685020584 104.86011052758477
93.94304367149024 35.42578675342014
54.678703216757064 -81.19921472019223
-104.69232809500669 47.11237613783168
34.609111442485 -77.14415820781235
95.27083570345815 -59.81655190718074
-77.87661358081637 63.174554600880995
9.510244666054025 111.90154099571964
-12.613232246545607 -86.56451644474319
-63.626674822141275 -61.730583637572636
-11.190112437293616 -87.1810567458829
-21.45757920099852 100.64591075048057
68.56371970807385 82.55894744847667
-88.021249986649 -37.39237622031243
83.2558771340197 49.061721824497546
-60.66942893530847 84.0783564855177
99.11578130662257 25.712933631479743
-77.88970905993696 -51.122863880715435
91.75906005417579 65.56923219918569
-9.411890170126187 98.78163670182707
-70.52070341849483 -85.93282825343175
-80.45322748531207 -47.20548783681864
-88.91072052481768 11.988120308710801
51.843421383470776 -83.3142684500854
96.51528434375545 -64.82690715245299
66.93985689194126 -78.29462259040459
-38.34896646078424 93.93768793806812
-83.6861219383688 58.54069807714129
21.76718973886541 -107.24041512819247
97.59718244625795 3.9492766049442816
77.1540964440873 73.28728460001709
53.66745858193684 -81.42645399500542
52.24070000788084 83.22305847406393
-67.35262401503053 -69.74635974567042
0.11321112407077552 -99.15972780565876
58.82726761739723 -71.47376050227405
39.53656678164692 103.2208736038902
-30.16356988776281 -111.30100286236862
-24.631816621754094 -101.14014581939861
49.16179372833213 -87.37869425832649
91.22606177448856 -25.504189762190002
93.72734565618529 37.83206490999609
46.03696445788194 88.02056257059029
88.41182209360767 -69.1638369211036
-72.95886227116394 64.69424446024225
84.95542776100972 -65.51250729233693
79.6910591278341 49.54860806175179
-100.91313165857926 41.99364089457757
15.95602640123929 -100.74213977292804
47.84134088142292 -75.03076691416891
51.90887717765244 70.77615973503376
-13.825924871791802 112.69877989733929
-92.86468826186814 -22.584021500005374
1.3261128475040573 -85.96498394975889
8.853404779021863 -110.07873064631421
-82.70538413914716 -47.88960457359079
35.59806237219243 -93.86315026249034
-17.989056175154253 105.93077326244958
-113.47190477488394 35.40369241747625
-100.65391433499605 -2.612500203193494
96.43814836259916 -8.477425029392581
27.64230649053436 94.00227453174222
-75.42011273278065 -69.84618577098219
44.7102905467469 -62.34568058741485
-47.818511043877585 89.00600695694109
-10.024923604087395 -100.46928619066378
87.32289927541053 -45.767028416701
-75.88757075307007 97.62997896966225
-38.31788863648108 -112.21763172671871
-79.30655263237017 -50.84899352250484
113.26979408902504 -25.650372718138854
-3.595499006521404 85.28052845743855
62.560744080279235 -91.12245559400311
-17.96146693325984 -111.08309393460785
68.76860949762361 -91.76272970001682
101.39294324043385 -20.0471666530628
85.12768343036319 -28.715535493226184
-4.962703884198296 -106.73882084700813
4.377681367204698 -95.70013195969626
120.50885870896292 0.5769645284277974
-69.77661427722005 68.67787207695079
71.0226444149021 -84.45839914601426
-74.20636456704811 68.3905988195099
49.27161936425884 -99.08941865158124
-75.3370522244792 66.71542762690846
-97.07330258363353 -19.1048239307798
43.15419577811075 83.9262196570468
22.16445109665568 106.98318808362039
94.17312540609232 35.1945719634905
-7.608190706012384 116.68431868182462
104.73622565775796 -30.367452295777213
70.05552628858119 -80.09611605990192
61.63374319946328 94.18762999922168
92.48161465980499 -33.56308878492385
-50.31575914411152 77.07130787656656
48.04079305678653 -88.87528446166138
56.77670764272839 81.85486149872601
12.020599372714385 -95.85985205896307
88.66087327230183 -38.25799100613239
-62.063839538763965 -70.05500245677455
0.5462161996222771 -97.7979060536607
90.68979501653516 -33.9289704937528
-46.23551503179604 78.74830474979623
-91.13211329281195 30.618399232143442
90.03067692945888 52.942344280709634
-42.95266482486628 -87.70441373580272
89.36899788439759 40.28586221405342
-60.11130244482718 -78.85873867665445
69.32266209107341 -62.13883075311095
-75.42368050804737 38.57598084268112
-103.13398215827706 -37.72923023986303
-82.00209460318247 24.252377763141563
-72.43359312743166 -61.01547340445452
8.873570686061182 -85.90900408561173
-102.13954221877873 -13.772565411944202
15.598688218671459 -96.33784620748428
-23.820625392068788 -90.61425574392763
47.40326532264844 102.08626024692343
68.38036300025352 -70.7266480375466
84.26028326788037 27.312922852289887
-75.67777977652138 -61.80749166722868
-61.90676555541595 78.22931139810825
76.56678571334355 77.62168056119583
-81.1421660968123 48.683807281943785
-99.3841586004381 34.837445246258085
-36.38719766608208 83.65377635313851
-63.647715503473734 110.36793292132162
69.72308860264972 51.774574925036696
95.55101771387787 -32.85465619767852
-108.68122815274982 60.4277501836757
110.94292590923087 -3.320781209675842
-70.8428008399308 -76.59136151090219
93.79403899962625 -13.258538581844958
-0.6742782339068053 -94.73511930981003
97.04220606036469 48.50657114703788
32.31458746380201 -104.6055242892253
-89.50186340783623 -35.87724412803707
-57.59160926063077 76.36411208699725
-38.409673370964285 75.7338644480102
89.52093050428898 -54.542855035072115
-87.28150183746311 34.21214917592006
-77.39683978158683 53.580080752597894
45.21284283888592 80.10354011970972
107.02803236608177 -36.858340941946544
-67.40593830449565 -71.01393144680219
6.86462190900561 -105.30822739231276
41.646723657122756 -96.69617359815871
-107.75515874860076 -4.652716491245729
23.49987020208339 -97.9029553586478
-85.11194903225116 -57.5012298478684
-64.73250982645179 -85.32144450620963
-93.73049552806141 24.589457249666044
102.41270690981402 -18.202491296317387
87.81420961345418 50.68650605168286
-46.65774017215345 77.74917374112725
-87.76510566629152 -48.185409586609616
63.16444565489416 -82.2744061050163
-22.231534562663644 -106.55813126818923
9.122463246194265 91.45394094707642
41.57706676616375 86.37887563191603
40.37566727764525 93.56140768876143
-90.79944447876966 -63.25983660254524
-90.85438498176279 7.05255759032311
-55.82221548809024 -91.2336521327772
-77.53143452465137 -71.99056784248369
-86.35842653223409 41.219010827797234
-30.33578442887975 -89.05680517752023
-90.35939966769 -61.41304040605644
-78.17269952686777 63.19197031593429
-72.81148876390087 69.93105960818711
90.36726621355477 -28.393652904841062
-77.26194882827645 -67.931353784697
84.13001630811104 -58.486982167887234
-84.68154362553265 55.2622324330512
100.87036715108383 -14.195986220553207
103.7657202280656 -2.676393323938295
66.63758025988517 76.32933193537217
-23.833727712974763 85.35131102229906
-78.7499354058459 -57.47191217338584
14.463386323286686 -101.31030977087484
1.023718120375878 102.24916839253244
-15.32196856269527 -95.35728773591698
-88.71236750593208 -54.2044830408451
40.60830137918029 -81.35688372067028
90.20829802264001 33.06626957045729
32.97233513074866 -98.51360179953757
-55.00223950052133 76.28367950750147
54.592052932060476 82.20568288386822
-97.36950309286772 16.648032884172796
-106.07077542374526 -21.885105812877118
-98.56750215943892 -62.07478852556313
67.1478612451834 -86.33064467201099
83.8862528685319 57.01146321793391
-37.759550942017555 104.38500707391788
-20.973830301725243 99.20079575098573
24.294811524280878 -105.05435857747263
28.620030731967226 102.11621729436611
-33.32746084483034 79.3287719560079
-86.64470803260308 52.2630113130654
6.573881031356757 99.1304731590591
-49.038236137072424 -90.56140009470114
51.36229072724402 -71.98433222005762
-47.027697127923716 72.73341976843156
-57.2382367419397 -94.56021342539262
-15.893881497847659 104.03640509115236
63.95419643763629 67.36681999123161
-81.71744232288233 68.45980087345633
-106.22658552130635 -19.39373992273453
92.38866329555282 0.39724086289409416
-89.44737814202001 -31.32646945930576
43.75298793470775 -72.4733685542141
14.334759705878426 -108.74620538165273
-83.42132366738814 26.741648926621245
110.96888627539201 -6.759055924262253
-62.652206667169835 -56.252624095870594
-105.95202369421997 17.928046306765133
-38.72695141464813 97.04750387543335
101.00798357666956 -0.6609429147545769
-76.80774711703339 -69.46504220794422
17.867894113216416 111.57513368387178
-93.06708811313327 10.176118558870368
-90.96428641472487 21.54697885601445
-102.92774089275596 25.51663559249851
-94.11116181010814 52.67874195021992
87.18396421576178 -57.9177380313427
-76.3965892124334 -60.99828675355019
-62.41182685396273 -66.62235275919282
-27.84756313133871 106.71402804078282
12.153840343277711 113.97259429933338
38.550716472454184 -97.23934540887429
-32.350733480007996 91.29815580357966
34.05563755639791 93.7454991786878
83.21451184979085 -72.38546281796178
42.40082675272216 -92.54053430421745
-58.8152858762883 71.9378967338404
60.18294796221859 79.47795279006132
-75.67813304489593 -70.43005085029085
-45.46202180935234 -78.71716191986442
61.17943789717591 59.82441582236833
93.97522765386567 -32.48959585179216
-71.15998918406326 80.08180163434386
63.46726205081483 -98.2021741358016
-80.42949729733223 -35.14857140857605
9.111152084425946 92.71812772234142
-25.274074063143345 -85.40501608840583
-110.40189150921495 44.08556136677271
-28.27819630286343 -102.19948712168167
82.01348593102918 -55.58070631180697
-23.424422027966468 -91.1438814800372
-80.64266956723031 -70.95490773143831
-72.45321514203125 -52.98556889903992
61.89318837615345 -79.26855498174724
9.251356033780768 93.96312517722231
102.22425794761163 -11.857345642160256
-16.015835726517306 -79.87061457449369
-94.77172297663702 30.402491455808914
-89.29380105183506 18.596803656310776
-63.69394249803143 -69.6497690913322
14.877797022484254 106.26397529514793
-106.32077869349537 19.467770872448117
65.31726697842873 41.885548004965216
-97.73797819203459 -31.698416064559062
11.511965548163811 98.48848844802444
-36.75360147024832 78.55400117481209
65.87345811564578 88.54631685188727
-98.25017374826417 51.50976640066583
-38.404333504144866 -103.74440556603489
-69.75179730293667 55.264182170190956
83.83926836832066 45.88517780392778
18.66871318711097 107.19550777923679
-11.222887313906847 -106.47266107190724
57.78805959640563 -82.71187720671998
-43.88132561303524 85.50159556956102
52.68956335946167 83.40194468615728
105.39137555536543 6.434513142498335
-52.55598776341689 69.50128579618404
80.3487842450885 -66.59370716855585
-92.9197989346114 8.608939921990906
59.73536649575596 75.23140088953858
60.08853586630578 63.11877819107472
97.48120134404309 3.7841092194694252
-41.52070321351778 -72.59711365643804
4.764702516545432 94.07080815205161
13.439156373633423 101.49659766962527
44.65901112830459 -97.19325547729106
33.322711786585046 -96.00026357835321
-15.887831586203411 -98.15268722448344
-32.60006528707842 -104.07412393980242
101.7594869960351 -50.94275880413406
-84.9209634614665 58.41310987172385
41.2814996487918 -105.20626390658636
89.11922824254796 46.064744554859125
70.45094518665326 -53.61548877940735
-26.813955326533783 -90.78070555288251
66.8557855612904 82.6690075067374
99.48337038516864 -7.336605229228788
-88.0291913977512 -4.095963544990803
-92.15846074636691 6.8590991711088884
113.81813772310782 18.483956045443374
100.20326091665434 -14.862450416062133
-10.858495930833241 -101.3858650434144
90.3810134144581 47.09834096817618
77.60351100804968 -59.73551946862497
-15.58623860003769 -90.82779191353296
39.96648912489994 88.67647540819772
-48.284092632960814 -91.34879525747083
29.158218887211977 91.55749404069805
-73.07282611500155 -63.43826251340681
-58.5051209000464 -74.1023545934579
93.14507404181724 -38.35447831336391
59.97356339259322 75.99958295428677
-46.036957392384025 90.32903746893741
54.07743296623748 -92.3250430321336
-98.06937727547337 28.21662829067816
1.0116915686282841 94.64478672027727
-52.80008991492534 -77.0891124483152
-56.08600314692424 93.2307174759702
-79.32741708835309 -46.642447538483296
84.38999162752823 -11.639647933796669
29.331540130101196 -104.19585713877626
-96.44370695296053 13.589440409974635
95.76216262437887 29.018178793617725
24.76724933690776 -104.65480318217202
-82.40675699046352 59.12371255311184
85.04929486200511 -59.53676004772428
84.40707854869476 65.91251082333955
-98.9559621506732 65.60120141766662
-113.41172577734345 -7.8575659076558
90.41885618245276 54.49793717623479
51.368434276341176 79.2677679089227
-95.80520315567196 63.7980849547459
7.768484314641098 -95.9123943766159
-38.59188616204433 75.67199749357168
-49.92104274774365 -85.72663065742569
-19.006004859116775 -98.54881964453119
-51.23056665425195 -84.87797799638462
-62.98654708716004 75.84581903239383
19.776465865452327 107.59930251216363
-16.632717808276247 96.18378346658747
-23.200115497985642 103.73947841132474
85.38527315546953 54.659336791948114
90.33232423620098 20.468218982176797
56.34954242158224 -94.19483453504586
-3.513377131131825 -100.20786278824566
85.20185612491126 -36.20656555049138
6.909397151169261 91.22933250863127
27.698073227461027 76.16813640935467
-91.68713714581382 21.598856561505315
54.85348137349669 97.22301437549996
-77.43418084836254 -76.95154305241493
-25.79784945506716 114.64946415985743
14.744135803383429 90.9742982579568
-3.368405169830909 110.03070771518806
66.2428407953906 76.08761686179643
84.74137628466053 33.40258057899378
-89.8893357081053 5.929122016914767
14.33366126016388 95.79239248012625
91.30841153084667 45.28929187181006
63.23664145377343 -85.23727138290943
79.72458666193688 -57.035324995515445
43.50314061006964 -74.7732956624847
96.17982826729417 -26.60834896877928
-57.555707712662716 91.7350305727331
-61.869909381304524 -68.50523398074907
-76.31927939190861 -75.00875440864142
69.41061827788968 68.47998847947966
105.8842496966795 -41.68450820590232
61.151524799754895 69.01383756684717
31.9978721608916 98.4494929292962
-59.12454313480494 86.31783642116856
95.88505240500946 21.55586242411557
98.56018983564337 -48.358331799394406
-16.50361588985889 -99.05680826276586
85.34949492412836 40.53381966293302
69.7450305956871 -64.031824904756
-20.898744606804566 -106.98430282607315
65.39801887941647 -96.26173998243577
94.09688123347723 -42.26834287401918
-102.4800876280568 37.30289700147664
-93.03552706268222 -24.487597471906717
80.81858422853075 43.6799491992004
82.45553834052427 25.20091410330716
71.69441594108112 -57.59492065598552
96.59566546501459 6.52111156270026
17.068770673745046 99.13319813762135
-61.35312839073401 -67.35470650014199
-68.29008934368628 -54.54645680689462
-78.56561470554072 -64.43513243483358
-42.79441880777386 96.45530455105555
103.8650731039425 -28.054081852360394
93.06407497982846 -52.482049290895425
13.986650062766714 -99.94767546551002
-84.79574903730546 -25.69100135024022
29.173687668515026 100.36978188339609
-27.2845417966677 -93.34525840705005
-99.60220232269639 -16.10764119637081
-60.63199878913403 81.5842866626826
-101.17139228083818 -5.774996445902639
-92.63667621103048 -39.676172530574455
72.16137537406351 65.97461911718601
60.18877047958014 -71.6626020788435
-55.83166105197762 86.10518224073316
70.03653984546916 -77.03936759554668
91.75283250343128 46.40318726673395
-74.17541600343623 68.98492865246001
61.60717117154866 -50.91196012635507
-106.51910711660507 -40.92964531286871
24.65987112768525 86.27231793139042
105.53592835191137 31.816098507090523
70.31563459630388 69.9885915554312
-95.13555936435515 -21.751542322084454
-84.30031590211007 34.60140173697149
52.979860860700526 83.02769538922693
-33.00737434053228 89.69213569694652
-94.90428327419222 -2.7239078124381932
-87.21634789166586 41.002580861994666
93.77356583375818 -7.149034475595834
-103.449741679374 37.510919223364866
-72.5870201489649 -80.38064214941758
73.67996399406945 -62.73601882194437
91.24056441369615 4.226909392934082
-76.71316956123435 54.02900334528049
-106.42005108824931 3.0335101466391428
84.16940687184184 25.224784882008606
-91.7081228601027 30.35237872429394
70.84785850199505 76.69784924622441
82.01193959348379 48.06151410266334
41.24461281075195 104.10842617171393
-108.16298146133285 -0.6539531581024856
-56.58324565676397 82.86732066561437
50.871030979894 89.53158884247414
12.967865782432233 96.32414115097214
10.05162266076324 -81.59496189810879
-78.0161525156594 -54.131310968304014
28.35946318375484 105.86524269376059
101.25525442673916 0.47539723861409716
5.121885415973002 -91.29648093273919
44.42758521782123 101.89332009032746
80.26247034785843 56.61144223220364
7.553019921418989 108.93053789934076
-60.95468637760112 81.20770193941686
-77.43241661580316 55.78300445655661
17.075349987916518 -98.63615821029747
2.5277059058884226 115.5992800212163
-53.432651088626805 -63.34210483004625
79.42195474129227 50.51927279258889
91.49681396799942 -12.611146165428414
-75.73128372660699 -68.60960925351614
-27.96844904622365 95.69518246096214
-32.50330740863024 98.8172050117674
102.16501059583373 -5.230764145609471
72.00647587897959 -83.33193920190271
-26.262161083943642 78.37831014743831
102.49625919098042 14.052763550372662
-85.97837508299176 71.57338252584427
-92.88196720952774 -49.875412946649206
-69.92134398343235 59.927250056920265
-80.66861071191117 51.99785198988382
-89.11061833620289 47.62427680161559
21.55451176041659 95.57318467851475
20.305746279830384 -92.72606811034765
-86.70548767049904 -26.410153496490278
33.88211508589677 94.55767353285381
-37.72075272766631 93.53615322803626
3.0925820212696853 -89.00691495629039
-75.51444146130333 -84.29801805929041
-34.278558471500105 -87.86224256135289
-98.62645643908219 -28.730081536471094
-112.03853402143282 0.5185960895525698
38.3131487483208 92.77531700537055
26.378117339354844 82.12710479712229
102.59169475735871 43.79822516367445
70.57916198040809 -92.53857962319785
84.39007053796931 70.2098186403045
48.48578566201962 -95.95446297304909
-61.18340206034149 66.67668367141593
2.0407062912768628 92.77819313609938
-86.00362292476295 32.876764113836295
-107.92472221143808 41.143481344929576
-102.84630876315256 -6.393839320597456
94.04409071995944 44.54866587671509
36.055700323728644 -88.97193511965426
53.45057439540471 -78.09903812941526
91.81951628572372 15.859663743708472
87.0407581544107 76.85169689680664
102.1050230777531 43.182779079108805
26.061330503542795 96.89979822972974
-50.724473311384216 93.1081606895488
-88.65155996543753 16.457561482548947
95.01882168497757 21.09266745932916
-22.72100422511083 99.63356891101925
-88.0683878563946 27.587740469021625
73.69607496140482 71.62514877571728
-95.36964128820523 -22.113364837577834
-93.71925087783576 33.43249522614898
-1.409293022394845 -99.94441858483557
21.169254756104323 98.4077329054698
-68.03633078670534 81.79996695054895
58.72089376547022 -68.72068679130629
-37.35992392061136 -84.71167827081932
-43.436922700301615 84.68439344764704
-13.36360537769918 -82.06956951989855
-82.17864549550234 -63.94840537778442
-62.39231839348151 -63.65569230883174
98.31818660551144 33.41425898525627
-35.57189331450634 -95.08286966565736
-70.10304426441594 -36.282083084799424
114.79415458241914 -33.972858873936225
-54.86270283961718 71.82181418927186
-47.13970580001956 95.73624267211028
-6.887879233798848 93.09905754125597
75.03526634496319 -37.07098409242425
71.60857342021392 -69.0616976597972
100.02223883779158 20.83436578424034
97.419762123537 6.630286034488487
18.164582218803925 109.9380649807627
99.08022059300966 31.309937770665236
-80.84199321649305 41.257096326763225
-107.01191397384066 -1.8199627554342428
-76.65955717586912 57.7312240481335
143.9286391779708 -48.437507660561465
-38.54655037910288 -96.62153475835706
104.98139814295828 145.36923110254855
78.9497856614961 20.388640705364793
89.13177714630021 72.60892852032302
-64.42191032640316 140.3549834979791
-25.02340794959143 -49.48546137843887
20.619323413636835 2.9944506386955823
65.91748570819362 -23.885351330357338
24.886018695962804 -36.07274313070451
-96.93913852556057 96.5028899443395
0.9475029977212444 29.040943614455415
0.5443367257649925 100.95159920520075
94.43651864210153 9.99283143840836
-66.49982222488771 89.71668253927422
-18.10777531950609 -19.06495815733018
114.63375157111813 90.13847623596791
7.0363170244067135 -137.01438074930752
-149.60375541778788 -10.2061681626177
24.883865849300093 144.25573487120857
66.07251736360709 -106.88164412310374
36.407920048120985 20.607531262260636
-126.00126376342882 -80.08885516966843
-132.74177401871114 149.9562121384917
-19.182388225465246 -65.81512433554181
51.472424633445 -147.2298327676588
-20.92190256363483 145.0634994565557
94.28693143613148 -43.56345130470183
-111.2470297134874 -29.62977887294484
27.984678676886546 -47.08848253239191
-35.8086128956127 9.956678723129244
114.2026066610535 59.31569774170515
95.38819104258224 137.0792740234603
-7.860710886451102 35.0084296056944
-41.35782830260439 -11.971039812425573
131.8498964384014 40.03576407003138
-136.50535774112777 102.572341365343
5.102248907317431 -63.37698996991726
103.4967808827385 32.20265965427356
-30.995786739885858 -118.54407163245276
8.959117592012234 86.10659950839496
52.29071917383996 -77.63208774171262
-61.2807908621604 -149.2465186818692
53.75750091583916 -2.923487843601009
60.72047778283334 -71.73022784635485
69.66632297925784 -97.22036987889696
113.3167407744487 55.33589608503388
148.89454006852844 -105.91464172996362
-35.25618174905773 -98.63427954535585
111.7516412623745 54.23868992875421
-50.80987341399606 28.287543680968213
-148.67863770683073 88.98296479725224
132.78307567860327 123.68760221552981
11.195413861732277 41.04700215365938
123.07116205944226 41.03314017787392
-48.81755109383653 -89.25617721836218
-82.73398985189272 145.99400668809602
57.81228827340564 -89.77250715714669
47.725691892903086 23.240961565834965
-146.85392450599556 88.53222959299515
36.356102023479764 -124.51273987489145
-37.49877013184411 133.92306891877507
-14.825450588237487 -36.617127115416366
-90.80696151327493 129.27376275425758
-135.30075625305614 17.788608627165587
15.635742631471231 142.49501261091996
-147.29159799695682 -69.31216132169095
-27.048586795831596 146.18841969845084
24.913350229129804 32.20985905085209
69.5175818712851 134.03983637164646
29.25149405910699 -53.64173752078794
129.443991855337 113.01331502502018
146.26575300987054 141.49960828567367
6.98919826607559 -30.159285957228136
58.08592845848173 -74.75706043765602
32.31510680461042 -43.184200430386724
-82.95575099237911 116.21696097161498
-118.74787756155885 91.60589151624592
-131.14430266611484 52.07326911700329
146.55453123732076 113.07562800018547
-98.92090513179448 -123.05284633773394
-135.79751756135488 -86.34192833335985
106.23085696819038 -51.77908124595565
70.78236306929247 9.053292888848603
5.837429147432005 110.11651176851694
-1.4275565101495147 139.43398626112935
-34.60818615481416 52.87788430029781
-33.827521493537105 120.0919827517967
-87.34713050559324 27.889952413218055
11.541043008006625 55.77338448548713
-21.998044721475594 -136.17595722864354
90.47651138950991 -141.81285392034164
-144.20566522721595 62.873437300236674
15.754874437345421 -145.17204677082222
31.18817687550748 -120.39934817840707
-89.75151509036667 -57.70228495457832
145.83473499708197 54.970449800821626
145.33540334051412 121.46268725941542
-51.1557414383192 7.6959377870278445
-45.27388466238507 107.1889566054457
